abs_time,cam_index,rtp_seq
1778509479.970126,0,6947
1778509479.970242,0,6948
1778509479.970437,0,6950
1778509479.970768,0,7047
1778509479.974211,1,32056
1778509479.974508,1,32201
1778509479.983306,0,7250
1778509479.988089,1,32370
1778509479.998173,1,32545
1778509479.999349,0,7441
1778509480.040684,0,7460
1778509480.071146,1,32598
1778509480.080816,0,7479
1778509480.113938,0,7496
1778509480.196149,0,7525
1778509480.231020,1,32680
1778509480.237962,0,7537
1778509480.269024,0,7553
1778509480.275566,1,32699
1778509480.311050,0,7566
1778509480.317299,1,32720
1778509480.355688,0,7580
1778509480.358788,1,32740
1778509480.391241,1,32760
1778509480.396054,0,7589
1778509480.468894,0,7621
1778509480.478227,1,32804
1778509480.513590,0,7631
1778509480.518677,1,32827
1778509480.559458,1,32854
1778509480.591141,1,32870
1778509480.596270,2,12810
1778509480.596427,0,7664
1778509480.597291,2,13178
1778509480.635501,1,32897
1778509480.637905,0,7673
1778509480.647758,2,13227
1778509480.647903,2,13308
1778509480.656174,2,13437
1778509480.668968,0,7687
1778509480.677485,1,32913
1778509480.695793,2,13459
1778509480.713964,0,7700
1778509480.718395,1,32932
1778509480.755692,0,7712
1778509480.759401,1,32955
1778509480.768380,2,13496
1778509480.791305,1,32978
1778509480.796765,0,7724
1778509480.836126,1,33002
1778509480.838766,0,7742
1778509480.870060,0,7756
1778509480.877950,1,33018
1778509480.913919,0,7768
1778509480.919270,1,33041
1778509480.951606,1,33060
1778509480.983290,0,7781
1778509480.983333,0,7782
1778509480.983445,0,7783
1778509480.983476,0,7799
1778509480.983502,0,7812
1778509480.983531,0,7826
1778509480.983559,0,7840
1778509480.983584,0,7854
1778509480.983611,0,7867
1778509480.983641,0,7880
1778509480.983666,0,7887
1778509480.995878,1,33084
1778509481.004486,0,7998
1778509481.035293,0,8012
1778509481.037855,1,33104
1778509481.076779,0,8034
1778509481.079442,1,33124
1778509481.088930,2,13654
1778509481.111295,1,33149
1778509481.117671,0,8054
1778509481.156163,1,33168
1778509481.158618,0,8073
1778509481.190058,0,8089
1778509481.198073,1,33189
1778509481.235044,0,8106
1778509481.239714,1,33211
1778509481.248780,2,13733
1778509481.271692,1,33238
1778509481.276570,0,8128
1778509481.318814,0,8148
1778509481.349767,0,8163
1778509481.357924,1,33280
1778509481.394988,0,8180
1778509481.399047,1,33300
1778509481.409055,2,13803
1778509481.431216,1,33318
1778509481.436265,0,8198
1778509481.475238,1,33341
1778509481.478600,0,8214
1778509481.495525,2,13853
1778509481.510644,0,8228
1778509481.517827,1,33358
1778509481.555003,0,8245
1778509481.558200,1,33380
1778509481.568605,2,13886
1778509481.596898,0,8262
1778509481.599620,1,33400
1778509481.631542,1,33424
1778509481.638659,0,8281
1778509481.654948,2,13924
1778509481.670117,0,8298
1778509481.676293,1,33446
1778509481.714868,0,8318
1778509481.718167,1,33466
1778509481.759532,1,33489
1778509481.774406,2,13982
1778509481.791746,1,33508
1778509481.797629,0,8351
1778509481.836195,1,33528
1778509481.838757,0,8369
1778509481.870631,0,8387
1778509481.878228,1,33549
1778509481.889086,2,14040
1778509481.915288,0,8403
1778509481.919636,1,33570
1778509481.933418,2,14060
1778509481.975146,2,14078
1778509481.979395,1,33591
1778509481.979437,1,33592
1778509481.979562,1,33596
1778509481.979593,1,33613
1778509481.979620,1,33629
1778509481.979706,1,33645
1778509481.979736,1,33696
1778509481.979762,1,33708
1778509481.988241,0,8418
1778509481.988394,0,8421
1778509481.988421,0,8441
1778509481.988445,0,8456
1778509481.988469,0,8466
1778509481.988493,0,8476
1778509481.988516,0,8485
1778509481.988539,0,8497
1778509481.988566,0,8506
1778509481.988593,0,8522
1778509481.988619,0,8533
1778509481.988642,0,8536
1778509481.998448,0,8659
1778509482.003404,1,33832
1778509482.016722,2,14096
1778509482.039003,0,8682
1778509482.048649,2,14116
1778509482.077481,1,33881
1778509482.079722,0,8703
1778509482.093083,2,14134
1778509482.113953,0,8720
1778509482.134913,2,14159
1778509482.155383,0,8745
1778509482.175537,2,14178
1778509482.197393,0,8764
1778509482.199879,1,33948
1778509482.216798,2,14194
1778509482.232079,1,33970
1778509482.239022,0,8784
1778509482.248944,2,14214
1778509482.270435,0,8802
1778509482.276503,1,33994
1778509482.293754,2,14236
1778509482.318197,1,34019
1778509482.334972,2,14261
1778509482.357198,0,8837
1778509482.359250,1,34040
1778509482.377073,2,14278
1778509482.397898,0,8854
1778509482.401089,1,34068
1778509482.409019,2,14296
1778509482.433110,1,34087
1778509482.439106,0,8874
1778509482.454290,2,14316
1778509482.470525,0,8896
1778509482.477961,1,34110
1778509482.495327,2,14334
1778509482.514908,0,8912
1778509482.518757,1,34132
1778509482.537883,2,14354
1778509482.556712,0,8930
1778509482.559963,1,34158
1778509482.569252,2,14380
1778509482.592050,1,34182
1778509482.598709,0,8950
1778509482.630740,0,8970
1778509482.636683,1,34206
1778509482.671834,2,14397
1778509482.671879,2,14398
1778509482.672134,2,14400
1778509482.672217,2,14453
1778509482.672290,2,14500
1778509482.672321,2,14531
1778509482.672348,2,14544
1778509482.672435,2,14556
1778509482.672506,2,14582
1778509482.673172,2,14769
1778509482.675242,0,8990
1778509482.678245,1,34228
1778509482.695500,2,14793
1778509482.717111,0,9009
1778509482.720032,1,34248
1778509482.737598,2,14814
1778509482.752272,1,34272
1778509482.759352,0,9026
1778509482.769568,2,14835
1778509482.791075,0,9051
1778509482.796569,1,34300
1778509482.814841,2,14859
1778509482.835747,0,9069
1778509482.838390,1,34320
1778509482.855546,2,14881
1778509482.877251,0,9087
1778509482.880121,1,34342
1778509482.897618,2,14903
1778509482.912400,1,34368
1778509482.919398,0,9104
1778509482.929304,2,14925
1778509482.956670,1,34392
1778509482.973899,2,14942
1778509482.983461,0,9123
1778509482.983503,0,9124
1778509482.983654,0,9125
1778509482.983683,0,9142
1778509482.983711,0,9154
1778509482.983736,0,9165
1778509482.983762,0,9175
1778509482.983788,0,9185
1778509482.983814,0,9195
1778509482.983842,0,9207
1778509482.983869,0,9218
1778509482.983896,0,9227
1778509482.983924,0,9237
1778509482.983951,0,9242
1778509482.998333,1,34416
1778509483.002329,0,9364
1778509483.015874,2,14966
1778509483.039600,1,34440
1778509483.045453,0,9385
1778509483.057799,2,14989
1778509483.072045,1,34462
1778509483.076293,0,9407
1778509483.089561,2,15008
1778509483.116843,1,34484
1778509483.117132,0,9427
1778509483.135077,2,15031
1778509483.157640,0,9447
1778509483.158405,1,34508
1778509483.175308,2,15051
1778509483.199072,1,34534
1778509483.199788,0,9468
1778509483.217708,2,15070
1778509483.231181,0,9490
1778509483.240038,1,34559
1778509483.249482,2,15094
1778509483.272061,1,34580
1778509483.275708,0,9510
1778509483.293309,2,15116
1778509483.316753,1,34603
1778509483.317408,0,9530
1778509483.335483,2,15136
1778509483.359533,0,9549
1778509483.378159,2,15158
1778509483.391514,0,9566
1778509483.401036,1,34649
1778509483.409553,2,15184
1778509483.432676,1,34672
1778509483.436791,0,9591
1778509483.454327,2,15202
1778509483.477415,1,34696
1778509483.477651,0,9610
1778509483.495865,2,15226
1778509483.518384,1,34718
1778509483.519634,0,9628
1778509483.537863,2,15244
1778509483.551332,0,9646
1778509483.559904,1,34740
1778509483.569306,2,15269
1778509483.591771,1,34764
1778509483.595943,0,9668
1778509483.610639,2,15288
1778509483.637315,1,34788
1778509483.637686,0,9687
1778509483.655441,2,15310
1778509483.679046,1,34815
1778509483.679516,0,9706
1778509483.696186,2,15328
1778509483.711181,0,9725
1778509483.719417,1,34838
1778509483.737269,2,15350
1778509483.755697,0,9742
1778509483.760259,1,34861
1778509483.769295,2,15374
1778509483.792331,1,34884
1778509483.797758,0,9760
1778509483.811272,2,15394
1778509483.836993,1,34907
1778509483.839864,0,9782
1778509483.855987,2,15414
1778509483.871362,0,9803
1778509483.879006,1,34929
1778509483.896722,2,15436
1778509483.917161,0,9822
1778509483.919652,1,34953
1778509483.937838,2,15456
1778509483.970148,2,15475
1778509483.995821,0,9842
1778509483.996018,0,9843
1778509483.996047,0,9863
1778509483.996083,0,9879
1778509483.996109,0,9897
1778509483.996135,0,9911
1778509483.996159,0,9923
1778509483.996184,0,9936
1778509483.996208,0,9949
1778509483.996231,0,9963
1778509483.996254,0,9976
1778509483.996278,0,9989
1778509484.002296,1,34976
1778509484.002454,1,34979
1778509484.002548,1,35031
1778509484.002592,0,10139
1778509484.002667,1,35083
1778509484.002776,1,35119
1778509484.009190,1,35267
1778509484.014255,2,15509
1778509484.035718,0,10162
1778509484.040905,1,35295
1778509484.055725,2,15525
1778509484.072380,1,35320
1778509484.076944,0,10182
1778509484.098107,2,15543
1778509484.117013,1,35339
1778509484.117742,0,10202
1778509484.129727,2,15564
1778509484.159357,1,35361
1778509484.159801,0,10222
1778509484.174357,2,15587
1778509484.191637,0,10241
1778509484.200459,1,35388
1778509484.215791,2,15611
1778509484.232805,1,35409
1778509484.258116,2,15628
1778509484.277199,1,35434
1778509484.289919,2,15648
1778509484.319607,1,35457
1778509484.320018,0,10294
1778509484.334306,2,15668
1778509484.351343,0,10318
1778509484.360536,1,35481
1778509484.376373,2,15690
1778509484.392709,1,35502
1778509484.395977,0,10334
1778509484.417272,2,15710
1778509484.437389,1,35523
1778509484.437914,0,10354
1778509484.458299,2,15733
1778509484.479219,1,35549
1778509484.480148,0,10375
1778509484.489931,2,15754
1778509484.512293,0,10396
1778509484.520654,1,35568
1778509484.534210,2,15774
1778509484.557199,0,10416
1778509484.576497,2,15797
1778509484.597435,1,35618
1778509484.597902,0,10432
1778509484.640748,0,10451
1778509484.669105,2,15817
1778509484.669156,2,15818
1778509484.669606,2,15895
1778509484.669764,2,16002
1778509484.671968,0,10474
1778509484.695890,2,16224
1778509484.716241,0,10493
1778509484.736245,2,16240
1778509484.757868,0,10514
1778509484.776752,2,16260
1778509484.799963,0,10530
1778509484.818684,2,16285
1778509484.832086,0,10552
1778509484.839445,1,35761
1778509484.850170,2,16307
1778509484.876277,0,10570
1778509484.894625,2,16331
1778509484.918157,0,10591
1778509484.920968,1,35811
1778509484.936327,2,16348
1778509484.997597,1,35855
1778509485.002620,0,10610
1778509485.002824,0,10613
1778509485.002909,0,10643
1778509485.002980,0,10693
1778509485.003011,0,10731
1778509485.003102,0,10752
1778509485.003854,0,10902
1778509485.010187,2,16391
1778509485.039587,1,35880
1778509485.040400,0,10925
1778509485.054456,2,16414
1778509485.072117,0,10943
1778509485.080907,1,35904
1778509485.096381,2,16433
1778509485.113146,1,35923
1778509485.117568,0,10963
1778509485.138403,2,16456
1778509485.157732,1,35949
1778509485.158166,0,10983
1778509485.170122,2,16478
1778509485.199461,1,35972
1778509485.214474,2,16498
1778509485.232464,0,11025
1778509485.240740,1,35995
1778509485.256736,2,16521
1778509485.273192,1,36020
1778509485.297338,2,16545
1778509485.317777,1,36045
1778509485.339040,2,16565
1778509485.359853,1,36069
1778509485.370451,2,16590
1778509485.392359,0,11097
1778509485.400801,1,36095
1778509485.415751,2,16608
1778509485.433294,1,36115
1778509485.436316,0,11118
1778509485.456857,2,16628
1778509485.477894,1,36138
1778509485.498633,2,16654
1778509485.519683,1,36163
1778509485.530378,2,16674
1778509485.560411,0,11171
1778509485.561015,1,36186
1778509485.574283,2,16694
1778509485.592769,0,11190
1778509485.593317,1,36210
1778509485.616723,2,16714
1778509485.637617,1,36232
1778509485.637954,0,11209
1778509485.659112,2,16738
1778509485.678467,0,11229
1778509485.679542,1,36258
1778509485.690480,2,16762
1778509485.720183,0,11249
1778509485.721014,1,36279
1778509485.735211,2,16782
1778509485.752625,0,11264
1778509485.753160,1,36302
1778509485.776761,2,16801
1778509485.796240,0,11288
1778509485.797658,1,36324
1778509485.819003,2,16825
1778509485.838683,0,11306
1778509485.839569,1,36349
1778509485.850576,2,16849
1778509485.879043,0,11326
1778509485.881024,1,36373
1778509485.896005,2,16866
1778509485.913462,1,36394
1778509485.920457,0,11348
1778509485.937141,2,16885
1778509485.979399,2,16910
1778509485.993294,1,36417
1778509485.993361,1,36418
1778509485.993434,1,36422
1778509485.993544,1,36481
1778509485.993613,1,36562
1778509485.996521,1,36718
1778509486.005492,0,11364
1778509486.005614,0,11370
1778509486.005656,0,11419
1778509486.005734,0,11464
1778509486.006499,0,11672
1778509486.010508,2,16934
1778509486.032298,0,11689
1778509486.037416,1,36742
1778509486.055008,2,16956
1778509486.076270,0,11714
1778509486.079698,1,36769
1778509486.096792,2,16978
1778509486.118242,0,11731
1778509486.120749,1,36794
1778509486.139161,2,17000
1778509486.159150,0,11749
1778509486.161353,1,36820
1778509486.170399,2,17025
1778509486.193179,1,36845
1778509486.200555,0,11766
1778509486.215317,2,17043
1778509486.232516,0,11785
1778509486.238014,1,36865
1778509486.256940,2,17068
1778509486.276196,0,11806
1778509486.279727,1,36895
1778509486.299119,2,17089
1778509486.318412,0,11826
1778509486.320533,1,36917
1778509486.330632,2,17111
1778509486.359081,0,11845
1778509486.361437,1,36940
1778509486.375121,2,17136
1778509486.393446,1,36967
1778509486.400651,0,11865
1778509486.417025,2,17158
1778509486.432413,0,11885
1778509486.437837,1,36992
1778509486.458981,2,17178
1778509486.476907,0,11901
1778509486.480124,1,37015
1778509486.490783,2,17199
1778509486.518678,0,11921
1778509486.520674,1,37043
1778509486.535639,2,17220
1778509486.561036,0,11939
1778509486.561575,1,37061
1778509486.576931,2,17246
1778509486.592604,0,11958
1778509486.593491,1,37088
1778509486.638699,1,37112
1778509486.665153,2,17264
1778509486.665309,2,17267
1778509486.665410,2,17307
1778509486.665500,2,17357
1778509486.665562,2,17405
1778509486.665661,2,17424
1778509486.666226,2,17589
1778509486.678515,0,11997
1778509486.680013,1,37136
1778509486.699651,2,17611
1778509486.720848,0,12014
1778509486.720920,1,37158
1778509486.731530,2,17635
1778509486.752491,0,12033
1778509486.761378,1,37183
1778509486.776806,2,17659
1778509486.793690,1,37206
1778509486.796999,0,12050
1778509486.817272,2,17681
1778509486.838374,1,37228
1778509486.838763,0,12070
1778509486.859851,2,17707
1778509486.880373,1,37252
1778509486.880869,0,12086
1778509486.890605,2,17732
1778509486.912532,0,12108
1778509486.920810,1,37278
1778509486.935269,2,17750
1778509486.961600,1,37302
1778509486.977681,2,17770
1778509486.981814,0,12124
1778509486.981953,0,12127
1778509486.981985,0,12148
1778509486.982011,0,12164
1778509486.982037,0,12179
1778509486.982069,0,12194
1778509486.982100,0,12211
1778509486.982126,0,12228
1778509486.993375,1,37328
1778509487.006810,0,12337
1778509487.019816,2,17798
1778509487.038015,0,12358
1778509487.038324,1,37351
1778509487.051741,2,17823
1778509487.078366,0,12379
1778509487.080044,1,37374
1778509487.096465,2,17845
1778509487.119100,0,12401
1778509487.121595,1,37398
1778509487.137051,2,17867
1778509487.153579,1,37424
1778509487.161268,0,12422
1778509487.179244,2,17888
1778509487.192472,0,12442
1778509487.198024,1,37448
1778509487.211307,2,17907
1778509487.237425,0,12460
1778509487.240140,1,37473
1778509487.256300,2,17934
1778509487.278959,0,12484
1778509487.280870,1,37496
1778509487.297514,2,17953
1778509487.321045,0,12502
1778509487.321687,1,37520
1778509487.339465,2,17979
1778509487.352624,0,12525
1778509487.353726,1,37543
1778509487.371122,2,18000
1778509487.397990,0,12547
1778509487.398607,1,37566
1778509487.415638,2,18020
1778509487.438786,0,12566
1778509487.440465,1,37594
1778509487.457413,2,18046
1778509487.480852,0,12584
1778509487.481893,1,37613
1778509487.499887,2,18065
1778509487.512325,0,12604
1778509487.514093,1,37637
1778509487.531403,2,18091
1778509487.553989,0,12626
1778509487.558500,1,37664
1778509487.576468,2,18116
1778509487.598563,0,12650
1778509487.600683,1,37690
1778509487.617560,2,18138
1778509487.641492,0,12668
1778509487.641935,1,37715
1778509487.659893,2,18156
1778509487.672983,0,12687
1778509487.674011,1,37737
1778509487.691713,2,18185
1778509487.718427,1,37762
1778509487.736898,2,18207
1778509487.759591,0,12727
1778509487.760361,1,37785
1778509487.777546,2,18228
1778509487.800134,0,12746
1778509487.801780,1,37812
1778509487.819611,2,18249
1778509487.833929,1,37833
1778509487.841350,0,12766
1778509487.851647,2,18273
1778509487.873024,0,12786
1778509487.878388,1,37856
1778509487.896934,2,18301
1778509487.917459,0,12806
1778509487.920337,1,37880
1778509487.937603,2,18325
1778509487.979274,1,37900
1778509487.979414,2,18342
1778509487.979691,1,37951
1778509487.988718,0,12826
1778509487.988816,0,12828
1778509487.988858,0,12873
1778509487.988895,0,12900
1778509487.988929,0,12930
1778509487.988962,0,12936
1778509488.000770,0,13052
1778509488.002778,1,38125
1778509488.015409,2,18364
1778509488.041267,0,13075
1778509488.043320,1,38148
1778509488.057440,2,18389
1778509488.074448,1,38176
1778509488.081931,0,13098
1778509488.098238,2,18410
1778509488.113035,0,13118
1778509488.139620,2,18435
1778509488.158662,0,13140
1778509488.160839,1,38226
1778509488.171810,2,18454
1778509488.199649,0,13161
1778509488.216984,2,18478
1778509488.234404,1,38274
1778509488.241743,0,13182
1778509488.257582,2,18502
1778509488.273013,0,13204
1778509488.299709,2,18524
1778509488.317499,0,13222
1778509488.331516,2,18546
1778509488.359599,0,13242
1778509488.377304,2,18568
1778509488.402786,0,13264
1778509488.417790,2,18595
1778509488.437440,0,13284
1778509488.459765,2,18619
1778509488.479487,0,13302
1778509488.491539,2,18639
1778509488.520214,0,13322
1778509488.536875,2,18661
1778509488.561651,0,13342
1778509488.577748,2,18682
1778509488.593313,0,13362
1778509488.669776,2,18702
1778509488.670015,2,18705
1778509488.670142,2,18762
1778509488.670203,2,18827
1778509488.670304,2,18864
1778509488.670406,2,18884
1778509488.671200,2,19071
1778509488.679825,0,13402
1778509488.701536,2,19094
1778509488.735470,2,19122
1778509488.753477,0,13450
1778509488.777637,2,19141
1778509488.818178,2,19164
1778509488.839656,0,13486
1778509488.859872,2,19186
1778509488.881809,0,13506
1778509488.891550,2,19209
1778509488.913149,0,13528
1778509488.935664,2,19230
1778509488.978490,2,19252
1778509488.987033,0,13546
1778509488.987196,0,13550
1778509488.987262,0,13590
1778509488.987320,0,13620
1778509488.987373,0,13653
1778509488.987428,0,13659
1778509489.002813,1,38737
1778509489.003028,0,13778
1778509489.020557,2,19278
1778509489.034038,0,13794
1778509489.052011,2,19304
1778509489.078045,0,13812
1778509489.097477,2,19325
1778509489.119941,0,13829
1778509489.120943,1,38804
1778509489.138204,2,19346
1778509489.161799,0,13846
1778509489.162349,1,38829
1778509489.180088,2,19368
1778509489.193312,0,13863
1778509489.194569,1,38853
1778509489.212042,2,19390
1778509489.238034,0,13883
1778509489.238985,1,38875
1778509489.257455,2,19411
1778509489.279828,0,13904
1778509489.281047,1,38896
1778509489.298270,2,19433
1778509489.320744,0,13924
1778509489.322214,1,38922
1778509489.340578,2,19456
1778509489.354748,1,38942
1778509489.361591,0,13946
1778509489.371947,2,19481
1778509489.393743,0,13969
1778509489.400386,1,38968
1778509489.417377,2,19503
1778509489.438835,0,13988
1778509489.441289,1,38992
1778509489.458180,2,19525
1778509489.458251,2,19534
1778509489.480086,0,14009
1778509489.482348,1,39021
1778509489.500576,2,19550
1778509489.514302,1,39042
1778509489.522114,0,14031
1778509489.531814,2,19578
1778509489.553352,0,14050
1778509489.559039,1,39063
1778509489.576794,2,19596
1778509489.597883,0,14071
1778509489.601104,1,39084
1778509489.618176,2,19624
1778509489.639786,0,14091
1778509489.642483,1,39109
1778509489.660325,2,19648
1778509489.674630,1,39132
1778509489.681787,0,14111
1778509489.691994,2,19670
1778509489.713418,0,14128
1778509489.719130,1,39154
1778509489.737630,2,19689
1778509489.757689,0,14148
1778509489.761120,1,39177
1778509489.778468,2,19716
1778509489.799819,0,14164
1778509489.802685,1,39200
1778509489.820659,2,19738
1778509489.837281,1,39229
1778509489.840750,0,14184
1778509489.852291,2,19757
1778509489.880480,1,39254
1778509489.881531,0,14208
1778509489.897909,2,19780
1778509489.914028,0,14228
1778509489.921125,1,39278
1778509489.938328,2,19806
1778509489.981015,2,19828
1778509489.989379,0,14254
1778509489.989477,0,14259
1778509489.989507,0,14293
1778509489.989534,0,14321
1778509489.989561,0,14346
1778509489.989589,0,14372
1778509489.989615,0,14378
1778509489.997319,1,39304
1778509489.997387,1,39307
1778509489.997424,1,39350
1778509489.997458,1,39385
1778509489.997492,1,39420
1778509489.997524,1,39430
1778509490.003492,0,14507
1778509490.005655,1,39563
1778509490.012083,2,19852
1778509490.037547,0,14535
1778509490.049042,1,39585
1778509490.056596,2,19874
1778509490.080204,0,14552
1778509490.080358,1,39610
1778509490.098243,2,19896
1778509490.120630,0,14574
1778509490.121436,1,39638
1778509490.140319,2,19918
1778509490.162106,1,39660
1778509490.162203,0,14598
1778509490.172040,2,19941
1778509490.194130,0,14613
1778509490.204026,1,39682
1778509490.216931,2,19961
1778509490.235685,1,39704
1778509490.239112,0,14640
1778509490.258493,2,19986
1778509490.279734,0,14657
1778509490.280814,1,39728
1778509490.300474,2,20011
1778509490.321676,1,39754
1778509490.322357,0,14674
1778509490.332113,2,20029
1778509490.354132,0,14692
1778509490.363122,1,39775
1778509490.376418,2,20050
1778509490.394663,1,39800
1778509490.399180,0,14714
1778509490.418492,2,20076
1778509490.439738,1,39820
1778509490.440259,0,14737
1778509490.460813,2,20094
1778509490.481140,1,39847
1778509490.482599,0,14759
1778509490.492346,2,20119
1778509490.514106,0,14779
1778509490.522747,1,39870
1778509490.536427,2,20142
1778509490.555404,1,39894
1778509490.558816,0,14801
1778509490.578959,2,20162
1778509490.600925,0,14824
1778509490.601108,1,39921
1778509490.642370,1,39946
1778509490.642868,0,14846
1778509490.666225,2,20184
1778509490.666538,2,20187
1778509490.666608,2,20230
1778509490.666646,2,20259
1778509490.666674,2,20276
1778509490.666699,2,20291
1778509490.666734,2,20305
1778509490.666800,2,20318
1778509490.666843,2,20353
1778509490.666908,2,20361
1778509490.667388,2,20543
1778509490.674018,0,14869
1778509490.682911,1,39969
1778509490.698744,2,20569
1778509490.715518,1,39994
1778509490.719204,0,14890
1778509490.740671,2,20591
1778509490.760400,0,14909
1778509490.760916,1,40022
1778509490.772485,2,20612
1778509490.801779,0,14932
1778509490.801879,1,40046
1778509490.817116,2,20633
1778509490.833617,0,14950
1778509490.843547,1,40070
1778509490.858649,2,20659
1778509490.875470,1,40093
1778509490.877825,0,14970
1778509490.900797,2,20682
1778509490.920054,1,40120
1778509490.920633,0,14986
1778509490.932717,2,20703
1778509490.961790,1,40143
1778509490.978144,2,20730
1778509491.002968,1,40167
1778509491.003915,0,15007
1778509491.003956,0,15008
1778509491.004121,0,15010
1778509491.004153,0,15032
1778509491.004183,0,15050
1778509491.004214,0,15066
1778509491.004243,0,15081
1778509491.004271,0,15097
1778509491.004430,0,15109
1778509491.004541,0,15161
1778509491.005573,0,15319
1778509491.018768,2,20754
1778509491.035207,1,40190
1778509491.048254,0,15341
1778509491.060730,2,20772
1778509491.079044,0,15358
1778509491.079625,1,40212
1778509491.092425,2,20796
1778509491.119614,0,15380
1778509491.121868,1,40237
1778509491.137031,2,20816
1778509491.160888,0,15402
1778509491.163464,1,40260
1778509491.178658,2,20842
1778509491.195636,1,40285
1778509491.202306,0,15427
1778509491.220680,2,20862
1778509491.234197,0,15444
1778509491.240944,1,40312
1778509491.252489,2,20886
1778509491.279535,0,15462
1778509491.282014,1,40339
1778509491.297362,2,20910
1778509491.320613,0,15482
1778509491.323592,1,40364
1778509491.338785,2,20932
1778509491.355350,1,40389
1778509491.362430,0,15502
1778509491.380924,2,20954
1778509491.394456,0,15524
1778509491.399978,1,40412
1778509491.412614,2,20979
1778509491.439765,0,15544
1778509491.441824,1,40436
1778509491.457359,2,21000
1778509491.480667,0,15565
1778509491.483345,1,40459
1778509491.498738,2,21026
1778509491.515529,1,40480
1778509491.521992,0,15581
1778509491.540862,2,21049
1778509491.554083,0,15598
1778509491.560290,1,40506
1778509491.572608,2,21069
1778509491.598429,0,15616
1778509491.602100,1,40530
1778509491.617431,2,21092
1778509491.640646,0,15638
1778509491.643282,1,40560
1778509491.658695,2,21116
1778509491.675281,1,40579
1778509491.681507,0,15658
1778509491.700822,2,21138
1778509491.719752,1,40597
1778509491.722797,0,15678
1778509491.732624,2,21160
1778509491.754415,0,15702
1778509491.761830,1,40623
1778509491.777095,2,21185
1778509491.799953,0,15722
1778509491.803433,1,40642
1778509491.819417,2,21207
1778509491.835680,1,40666
1778509491.840622,0,15740
1778509491.861135,2,21232
1778509491.880987,1,40690
1778509491.882664,0,15760
1778509491.892741,2,21255
1778509491.914489,0,15780
1778509491.922054,1,40714
1778509491.937566,2,21277
1778509491.978923,2,21302
1778509492.012347,1,40734
1778509492.012589,1,40738
1778509492.012627,1,40767
1778509492.012688,1,40782
1778509492.012729,1,40818
1778509492.012832,1,40844
1778509492.012875,1,40905
1778509492.012945,1,40909
1778509492.013824,1,41089
1778509492.016651,0,15798
1778509492.016737,0,15804
1778509492.016766,0,15845
1778509492.016791,0,15878
1778509492.016852,0,15910
1778509492.016880,0,15970
1778509492.017773,0,16147
1778509492.020884,2,21325
1778509492.035378,1,41112
1778509492.041182,0,16170
1778509492.052853,2,21346
1778509492.080084,1,41137
1778509492.081592,0,16188
1778509492.097652,2,21369
1778509492.122030,1,41166
1778509492.122725,0,16207
1778509492.139084,2,21393
1778509492.154644,0,16226
1778509492.163420,1,41184
1778509492.180850,2,21419
1778509492.195437,1,41204
1778509492.199973,0,16249
1778509492.212637,2,21438
1778509492.240447,1,41227
1778509492.240732,0,16264
1778509492.256570,2,21460
1778509492.282023,1,41255
1778509492.282747,0,16282
1778509492.298704,2,21486
1778509492.314564,0,16301
1778509492.323756,1,41276
1778509492.340642,2,21505
1778509492.355580,1,41301
1778509492.358966,0,16321
1778509492.372745,2,21529
1778509492.400775,1,41321
1778509492.401082,0,16338
1778509492.416894,2,21554
1778509492.441750,0,16360
1778509492.441842,1,41349
1778509492.458938,2,21575
1778509492.482839,0,16376
1778509492.483348,1,41373
1778509492.500133,2,21599
1778509492.514717,0,16395
1778509492.514776,1,41396
1778509492.541201,2,21624
1778509492.559113,1,41419
1778509492.559371,0,16412
1778509492.572938,2,21644
1778509492.601258,0,16432
1778509492.601651,1,41441
1778509492.642902,0,16455
1778509492.643018,1,41468
1778509492.674574,0,16469
1778509492.675484,2,21664
1778509492.675786,2,21669
1778509492.675874,2,21717
1778509492.675996,2,21745
1778509492.676076,2,21801
1778509492.676187,2,21835
1778509492.676853,2,22030
1778509492.683720,1,41488
1778509492.698499,2,22056
1778509492.715974,1,41514
1778509492.719255,0,16487
1778509492.739116,2,22079
1778509492.760732,1,41537
1778509492.761122,0,16502
1778509492.781524,2,22099
1778509492.802471,1,41564
1778509492.802803,0,16520
1778509492.813524,2,22122
1778509492.834887,0,16545
1778509492.843861,1,41589
1778509492.857472,2,22148
1778509492.875907,1,41610
1778509492.879340,0,16561
1778509492.900054,2,22172
1778509492.920722,1,41636
1778509492.921122,0,16583
1778509492.941477,2,22199
1778509492.962433,1,41660
1778509492.973277,2,22221
1778509493.003909,1,41683
1778509493.010945,0,16596
1778509493.011194,0,16599
1778509493.011227,0,16620
1778509493.011256,0,16638
1778509493.011288,0,16650
1778509493.011349,0,16672
1778509493.011377,0,16706
1778509493.011410,0,16721
1778509493.011467,0,16742
1778509493.011495,0,16769
1778509493.012099,0,16946
1778509493.012137,0,16955
1778509493.017878,2,22243
1778509493.035919,1,41709
1778509493.044271,0,16973
1778509493.059146,2,22267
1778509493.078387,0,16992
1778509493.080609,1,41731
1778509493.101584,2,22291
1778509493.121073,0,17009
1778509493.122446,1,41759
1778509493.133692,2,22313
1778509493.161525,0,17025
1778509493.164038,1,41780
1778509493.178864,2,22335
1778509493.196267,1,41803
1778509493.202478,0,17041
1778509493.219589,2,22361
1778509493.234647,0,17056
1778509493.241498,1,41829
1778509493.261703,2,22383
1778509493.278948,0,17077
1778509493.282549,1,41854
1778509493.293482,2,22403
1778509493.321336,0,17090
1778509493.324251,1,41877
1778509493.337866,2,22425
1778509493.356285,1,41903
1778509493.362797,0,17108
1778509493.380092,2,22449
1778509493.395052,0,17124
1778509493.401811,1,41927
1778509493.421930,2,22475
1778509493.439370,0,17143
1778509493.442550,1,41950
1778509493.453738,2,22495
1778509493.481477,0,17160
1778509493.484283,1,41976
1778509493.499248,2,22518
1778509493.515794,1,42002
1778509493.522506,0,17177
1778509493.539939,2,22541
1778509493.555260,0,17191
1778509493.561469,1,42024
1778509493.582106,2,22563
1778509493.599717,0,17213
1778509493.602209,1,42052
1778509493.613738,2,22587
1778509493.641565,0,17229
1778509493.644335,1,42075
1778509493.659249,2,22609
1778509493.676503,1,42098
1778509493.682832,0,17247
1778509493.700152,2,22636
1778509493.714697,0,17269
1778509493.721040,1,42124
1778509493.741850,2,22659
1778509493.759008,0,17285
1778509493.762760,1,42148
1778509493.773977,2,22679
1778509493.801191,0,17298
1778509493.804245,1,42172
1778509493.819578,2,22703
1778509493.836505,1,42199
1778509493.841886,0,17314
1778509493.859812,2,22731
1778509493.881813,1,42221
1778509493.882798,0,17333
1778509493.901950,2,22748
1778509493.915837,0,17352
1778509493.922498,1,42244
1778509493.933720,2,22770
1778509494.015182,0,17368
1778509494.015275,0,17381
1778509494.015456,0,17472
1778509494.015946,1,42268
1778509494.016100,1,42321
1778509494.016992,0,17719
1778509494.017238,1,42657
1778509494.019553,2,22819
1778509494.040043,0,17743
1778509494.040409,1,42678
1778509494.061927,2,22840
1778509494.081712,0,17758
1778509494.082190,1,42703
1778509494.094097,2,22862
1778509494.122255,0,17776
1778509494.122854,1,42725
1778509494.138878,2,22886
1778509494.163085,0,17795
1778509494.164208,1,42746
1778509494.179855,2,22906
1778509494.194704,0,17815
1778509494.196705,1,42770
1778509494.222140,2,22925
1778509494.238406,0,17831
1778509494.242156,1,42791
1778509494.253600,2,22951
1778509494.280931,0,17847
1778509494.282679,1,42817
1778509494.298447,2,22975
1778509494.321410,0,17860
1778509494.324369,1,42838
1778509494.340218,2,22998
1778509494.356326,1,42859
1778509494.362879,0,17876
1778509494.382147,2,23022
1778509494.395399,0,17891
1778509494.400887,1,42885
1778509494.413769,2,23046
1778509494.439920,0,17910
1778509494.442429,1,42907
1778509494.459090,2,23067
1778509494.481679,0,17927
1778509494.484318,1,42930
1778509494.500124,2,23090
1778509494.516500,1,42952
1778509494.522899,0,17944
1778509494.542401,2,23115
1778509494.554679,0,17963
1778509494.561937,1,42976
1778509494.573935,2,23139
1778509494.599141,0,17976
1778509494.602793,1,42996
1778509494.641575,0,17991
1778509494.644993,1,43025
1778509494.676723,1,43049
1778509494.677311,2,23158
1778509494.677435,2,23164
1778509494.677504,2,23265
1778509494.677608,2,23338
1778509494.678476,2,23525
1778509494.681647,0,18009
1778509494.702376,2,23547
1778509494.722330,1,43070
1778509494.723174,0,18025
1778509494.742748,2,23573
1778509494.755275,0,18044
1778509494.762846,1,43096
1778509494.773859,2,23593
1778509494.800046,0,18064
1778509494.804599,1,43118
1778509494.818760,2,23616
1778509494.836464,1,43142
1778509494.841905,0,18080
1778509494.860262,2,23640
1778509494.881153,1,43164
1778509494.883031,0,18101
1778509494.902208,2,23662
1778509494.914908,0,18114
1778509494.922304,1,43190
1778509494.934233,2,23686
1778509494.964431,1,43211
1778509494.979269,2,23707
1778509494.996875,1,43232
1778509495.013837,0,18125
1778509495.013875,0,18126
1778509495.014198,0,18127
1778509495.014312,0,18229
1778509495.014384,0,18281
1778509495.014480,0,18299
1778509495.015167,0,18477
1778509495.020159,2,23733
1778509495.041087,1,43253
1778509495.042246,0,18498
1778509495.062083,2,23752
1778509495.082926,1,43281
1778509495.083007,0,18514
1778509495.094431,2,23775
1778509495.123612,0,18535
1778509495.124883,1,43301
1778509495.138705,2,23797
1778509495.155488,0,18553
1778509495.156904,1,43328
1778509495.180049,2,23823
1778509495.199935,0,18570
1778509495.202115,1,43348
1778509495.222087,2,23848
1778509495.242118,0,18586
1778509495.242770,1,43371
1778509495.253864,2,23868
1778509495.284853,1,43393
1778509495.298358,2,23888
1778509495.316753,1,43421
1778509495.323520,0,18618
1778509495.340154,2,23914
1778509495.355162,0,18635
1778509495.361245,1,43444
1778509495.382421,2,23936
1778509495.402870,1,43464
1778509495.414223,2,23958
1778509495.444961,1,43492
1778509495.458819,2,23980
1778509495.477199,1,43516
1778509495.500313,2,24004
1778509495.522274,1,43537
1778509495.523162,0,18694
1778509495.542427,2,24024
1778509495.555672,0,18711
1778509495.563110,1,43566
1778509495.574325,2,24046
1778509495.600118,0,18730
1778509495.604808,1,43587
1778509495.619390,2,24068
1778509495.637014,1,43613
1778509495.642347,0,18749
1778509495.660734,2,24091
1778509495.681562,1,43636
1778509495.682634,0,18767
1778509495.702554,2,24116
1778509495.722902,1,43664
1778509495.723247,0,18783
1778509495.734179,2,24138
1778509495.755207,0,18798
1778509495.764850,1,43687
1778509495.778857,2,24160
1778509495.796940,1,43710
1778509495.799322,0,18812
1778509495.820465,2,24184
1778509495.841949,0,18826
1778509495.842558,1,43735
1778509495.862609,2,24208
1778509495.882508,0,18847
1778509495.883310,1,43755
1778509495.894408,2,24230
1778509495.924625,1,43780
1778509495.938814,2,24252
1778509496.014698,0,18880
1778509496.014820,0,18931
1778509496.014895,0,19051
1778509496.015646,0,19231
1778509496.018443,1,43802
1778509496.018705,1,43805
1778509496.018749,1,43832
1778509496.018808,1,43858
1778509496.018849,1,43886
1778509496.018878,1,43904
1778509496.018906,1,43920
1778509496.018934,1,43936
1778509496.019020,1,43952
1778509496.019107,1,43993
1778509496.019603,1,44189
1778509496.022524,2,24296
1778509496.040027,1,44212
1778509496.040266,0,19251
1778509496.054527,2,24320
1778509496.081651,0,19274
1778509496.082727,1,44239
1778509496.100416,2,24342
1778509496.122481,0,19290
1778509496.122940,1,44261
1778509496.140881,2,24368
1778509496.163723,0,19310
1778509496.164921,1,44279
1778509496.182587,2,24390
1778509496.195127,0,19322
1778509496.197733,1,44299
1778509496.214376,2,24411
1778509496.237001,0,19340
1778509496.242655,1,44327
1778509496.259360,2,24432
1778509496.281394,0,19354
1778509496.283449,1,44352
1778509496.300611,2,24459
1778509496.321865,0,19370
1778509496.325120,1,44371
1778509496.342908,2,24480
1778509496.356946,1,44393
1778509496.363357,0,19383
1778509496.374547,2,24504
1778509496.395364,0,19395
1778509496.401981,1,44415
1778509496.419835,2,24526
1778509496.439609,0,19412
1778509496.442990,1,44434
1778509496.460601,2,24550
1778509496.481973,0,19425
1778509496.484649,1,44453
1778509496.502994,2,24572
1778509496.517319,1,44471
1778509496.522424,0,19439
1778509496.534635,2,24594
1778509496.562315,1,44493
1778509496.563761,0,19456
1778509496.580402,2,24616
1778509496.596050,0,19471
1778509496.602991,1,44513
1778509496.640447,0,19487
1778509496.645324,1,44533
1778509496.668811,2,24640
1778509496.669099,2,24642
1778509496.669161,2,24682
1778509496.669214,2,24708
1778509496.669263,2,24733
1778509496.669339,2,24757
1778509496.669416,2,24798
1778509496.669474,2,24821
1778509496.670461,2,25008
1778509496.677340,1,44557
1778509496.682317,0,19505
1778509496.700098,2,25030
1778509496.722131,1,44580
1778509496.724017,0,19520
1778509496.740895,2,25052
1778509496.756271,0,19536
1778509496.763047,1,44600
1778509496.783113,2,25074
1778509496.801018,0,19558
1778509496.805317,1,44624
1778509496.814722,2,25097
1778509496.837549,1,44648
1778509496.842836,0,19574
1778509496.860076,2,25121
1778509496.881851,1,44668
1778509496.883850,0,19593
1778509496.901185,2,25145
1778509496.916193,0,19610
1778509496.923438,1,44695
1778509496.943279,2,25167
1778509496.965625,1,44719
1778509496.974818,2,25189
1778509496.993221,0,19626
1778509496.993392,0,19628
1778509496.993458,0,19670
1778509496.993519,0,19702
1778509496.993574,0,19726
1778509496.993630,0,19757
1778509496.997329,1,44743
1778509497.002434,0,19909
1778509497.020170,2,25213
1778509497.041606,1,44764
1778509497.042984,0,19928
1778509497.060802,2,25234
1778509497.083414,1,44786
1778509497.083704,0,19946
1778509497.102869,2,25257
1778509497.123991,0,19963
1778509497.125522,1,44810
1778509497.134865,2,25278
1778509497.156134,0,19976
1778509497.157465,1,44828
1778509497.180497,2,25303
1778509497.201006,0,19993
1778509497.201612,1,44851
1778509497.220942,2,25330
1778509497.242962,0,20008
1778509497.243252,1,44873
1778509497.263047,2,25353
1778509497.284006,0,20025
1778509497.285537,1,44892
1778509497.295167,2,25376
1778509497.316287,0,20043
1778509497.317230,1,44916
1778509497.340177,2,25397
1778509497.360906,0,20058
1778509497.361233,1,44934
1778509497.381367,2,25420
1778509497.403052,0,20079
1778509497.403153,1,44956
1778509497.422877,2,25451
1778509497.444202,0,20096
1778509497.445249,1,44978
1778509497.454878,2,25468
1778509497.476136,0,20113
1778509497.477545,1,45001
1778509497.500337,2,25489
1778509497.520653,0,20129
1778509497.521732,1,45027
1778509497.540965,2,25512
1778509497.562799,0,20147
1778509497.563294,1,45048
1778509497.583050,2,25536
1778509497.604432,1,45070
1778509497.614928,2,25558
1778509497.645295,1,45090
1778509497.660169,2,25580
1778509497.677482,1,45109
1778509497.701055,2,25599
1778509497.722134,1,45131
1778509497.743135,2,25621
1778509497.763748,1,45156
1778509497.775124,2,25647
1778509497.804185,1,45182
1778509497.820300,2,25670
1778509497.845501,1,45205
1778509497.860919,2,25695
1778509497.877663,1,45225
1778509497.882755,0,20293
1778509497.902874,2,25716
1778509497.921835,1,45250
1778509497.924268,0,20309
1778509497.935141,2,25733
1778509497.980997,2,25755
1778509497.985111,0,20324
1778509497.997501,1,45268
1778509497.997572,1,45273
1778509497.997607,1,45316
1778509497.997642,1,45356
1778509497.997672,1,45398
1778509497.997702,1,45410
1778509498.004611,1,45562
1778509498.008078,0,20554
1778509498.021283,2,25785
1778509498.045475,1,45584
1778509498.062922,2,25805
1778509498.086009,1,45611
1778509498.095328,2,25827
1778509498.118001,1,45628
1778509498.122348,0,20618
1778509498.138531,2,25849
1778509498.163083,0,20634
1778509498.163438,1,45652
1778509498.180702,2,25876
1778509498.204351,1,45680
1778509498.204738,0,20653
1778509498.222942,2,25896
1778509498.236640,0,20671
1778509498.245807,1,45704
1778509498.263596,2,25917
1778509498.277831,1,45725
1778509498.281219,0,20689
1778509498.295202,2,25939
1778509498.321982,1,45746
1778509498.323147,0,20709
1778509498.339976,2,25962
1778509498.363709,1,45766
1778509498.364726,0,20731
1778509498.381446,2,25985
1778509498.396671,0,20749
1778509498.404424,1,45789
1778509498.423563,2,26010
1778509498.441671,0,20767
1778509498.446075,1,45808
1778509498.455562,2,26031
1778509498.478121,1,45835
1778509498.483206,0,20790
1778509498.500620,2,26057
1778509498.522436,1,45861
1778509498.524673,0,20809
1778509498.541348,2,26077
1778509498.556847,0,20827
1778509498.563232,1,45886
1778509498.583690,2,26097
1778509498.601332,0,20845
1778509498.605741,1,45903
1778509498.638409,1,45925
1778509498.643329,0,20867
1778509498.674181,2,26120
1778509498.674406,2,26123
1778509498.674493,2,26181
1778509498.674582,2,26225
1778509498.674665,2,26276
1778509498.675696,2,26484
1778509498.682282,1,45954
1778509498.684745,0,20884
1778509498.701674,2,26511
1778509498.717199,0,20904
1778509498.723957,1,45974
1778509498.743757,2,26533
1778509498.762617,0,20927
1778509498.765818,1,45998
1778509498.775408,2,26557
1778509498.798128,1,46017
1778509498.803544,0,20945
1778509498.820651,2,26577
1778509498.842265,1,46040
1778509498.844783,0,20967
1778509498.861820,2,26601
1778509498.876783,0,20987
1778509498.883490,1,46064
1778509498.903718,2,26627
1778509498.921818,0,21006
1778509498.926296,1,46085
1778509498.935676,2,26645
1778509498.958219,1,46108
1778509498.981212,2,26672
1778509499.003235,1,46131
1778509499.004239,0,21022
1778509499.004429,0,21024
1778509499.004493,0,21063
1778509499.004557,0,21098
1778509499.004617,0,21130
1778509499.004674,0,21161
1778509499.007049,0,21307
1778509499.023350,2,26691
1778509499.043943,1,46156
1778509499.048028,0,21329
1778509499.063947,2,26714
1778509499.080792,0,21349
1778509499.086266,1,46177
1778509499.095836,2,26737
1778509499.117807,1,46206
1778509499.121908,0,21369
1778509499.139907,2,26761
1778509499.162136,1,46230
1778509499.163351,0,21385
1778509499.181583,2,26782
1778509499.203826,1,46254
1778509499.204471,0,21402
1778509499.223692,2,26806
1778509499.236511,0,21419
1778509499.246119,1,46271
1778509499.255884,2,26827
1778509499.278193,1,46292
1778509499.280715,0,21431
1778509499.301094,2,26852
1778509499.322155,1,46315
1778509499.322830,0,21450
1778509499.342098,2,26873
1778509499.363986,0,21465
1778509499.364071,1,46333
1778509499.383790,2,26899
1778509499.396883,0,21480
1778509499.404963,1,46354
1778509499.415984,2,26923
1778509499.441511,0,21500
1778509499.446057,1,46378
1778509499.460934,2,26947
1778509499.478380,1,46400
1778509499.483605,0,21515
1778509499.501654,2,26969
1778509499.522308,1,46420
1778509499.524968,0,21535
1778509499.543682,2,26991
1778509499.557380,0,21555
1778509499.564157,1,46440
1778509499.575299,2,27014
1778509499.601904,0,21575
1778509499.606472,1,46462
1778509499.619666,2,27036
1778509499.638447,1,46491
1778509499.644016,0,21594
1778509499.661774,2,27056
1778509499.682666,1,46512
1778509499.685343,0,21615
1778509499.703890,2,27079
1778509499.717582,0,21637
1778509499.724389,1,46532
1778509499.735655,2,27101
1778509499.761949,0,21657
1778509499.766370,1,46555
1778509499.781155,2,27125
1778509499.798564,1,46576
1778509499.803639,0,21680
1778509499.822013,2,27147
1778509499.843576,1,46598
1778509499.844804,0,21703
1778509499.863898,2,27171
1778509499.877145,0,21719
1778509499.884603,1,46623
1778509499.895781,2,27196
1778509499.921829,0,21737
1778509499.926573,1,46648
1778509499.941143,2,27217
1778509499.984094,2,27239
1778509500.007588,0,21754
1778509500.007720,0,21775
1778509500.007831,0,21895
1778509500.008752,0,22070
1778509500.015126,1,46668
1778509500.015227,1,46673
1778509500.015311,1,46773
1778509500.015372,1,46842
1778509500.016371,1,47025
1778509500.024724,2,27262
1778509500.044418,1,47045
1778509500.045367,0,22090
1778509500.055811,2,27287
1778509500.077736,0,22109
1778509500.086447,1,47069
1778509500.101517,2,27307
1778509500.118742,1,47094
1778509500.122838,0,22137
1778509500.142398,2,27331
1778509500.162849,1,47115
1778509500.163945,0,22153
1778509500.184474,2,27357
1778509500.204248,1,47139
1778509500.205563,0,22174
1778509500.215934,2,27380
1778509500.237197,0,22191
1778509500.246403,1,47160
1778509500.261400,2,27405
1778509500.278774,1,47180
1778509500.281579,0,22205
1778509500.302133,2,27423
1778509500.323297,1,47206
1778509500.323712,0,22220
1778509500.344340,2,27444
1778509500.364692,1,47228
1778509500.365426,0,22239
1778509500.376133,2,27466
1778509500.397716,0,22262
1778509500.406671,1,47251
1778509500.421550,2,27487
1778509500.438725,1,47274
1778509500.442323,0,22285
1778509500.462367,2,27512
1778509500.482760,1,47295
1778509500.483733,0,22302
1778509500.504272,2,27535
1778509500.524810,1,47315
1778509500.525214,0,22321
1778509500.535992,2,27558
1778509500.557396,0,22341
1778509500.566410,1,47341
1778509500.581508,2,27581
1778509500.598784,1,47362
1778509500.601936,0,22360
1778509500.642853,1,47385
1778509500.645239,0,22378
1778509500.670892,2,27600
1778509500.671138,2,27603
1778509500.671215,2,27651
1778509500.671349,2,27688
1778509500.671468,2,27771
1778509500.672615,2,27964
1778509500.685653,0,22400
1778509500.707429,2,27988
1778509500.717648,0,22421
1778509500.726971,1,47436
1778509500.740525,2,28010
1778509500.758914,1,47460
1778509500.762294,0,22440
1778509500.781638,2,28035
1778509500.804012,1,47485
1778509500.804324,0,22459
1778509500.822218,2,28062
1778509500.844012,1,47509
1778509500.845153,0,22474
1778509500.864497,2,28081
1778509500.877206,0,22493
1778509500.886289,1,47527
1778509500.896210,2,28107
1778509500.917851,1,47546
1778509500.921782,0,22508
1778509500.941486,2,28128
1778509500.962373,1,47567
1778509500.982275,2,28152
1778509501.004178,1,47587
1778509501.007555,0,22524
1778509501.007812,0,22528
1778509501.007874,0,22596
1778509501.007927,0,22627
1778509501.008051,0,22663
1778509501.008646,0,22871
1778509501.024430,2,28171
1778509501.048710,0,22893
1778509501.056198,2,28194
1778509501.089193,0,22908
1778509501.101673,2,28215
1778509501.118757,1,47649
1778509501.121795,0,22926
1778509501.142283,2,28239
1778509501.162869,0,22942
1778509501.184477,2,28266
1778509501.204243,0,22960
1778509501.204975,1,47692
1778509501.216638,2,28289
1778509501.244636,0,22973
1778509501.247472,1,47712
1778509501.261749,2,28309
1778509501.278591,1,47730
1778509501.286185,0,22987
1778509501.302439,2,28333
1778509501.318116,0,23003
1778509501.323528,1,47748
1778509501.344830,2,28356
1778509501.363307,0,23020
1778509501.364964,1,47773
1778509501.376952,2,28376
1778509501.403827,0,23036
1778509501.406919,1,47794
1778509501.422109,2,28402
1778509501.438601,1,47816
1778509501.445777,0,23052
1778509501.462788,2,28424
1778509501.477105,0,23071
1778509501.484072,1,47835
1778509501.504750,2,28445
1778509501.521574,0,23084
1778509501.524788,1,47856
1778509501.536378,2,28467
1778509501.563923,0,23103
1778509501.566510,1,47878
1778509501.581216,2,28488
1778509501.598992,1,47896
1778509501.604459,0,23116
1778509501.622951,2,28514
1778509501.642795,1,47924
1778509501.645443,0,23134
1778509501.664877,2,28540
1778509501.677638,0,23151
1778509501.684667,1,47944
1778509501.696712,2,28559
1778509501.722246,0,23164
1778509501.725530,1,47966
1778509501.742103,2,28582
1778509501.764385,0,23182
1778509501.767231,1,47988
1778509501.782759,2,28606
1778509501.798932,1,48015
1778509501.804869,0,23198
1778509501.825156,2,28627
1778509501.844058,1,48036
1778509501.845819,0,23213
1778509501.856464,2,28655
1778509501.877685,0,23234
1778509501.884822,1,48058
1778509501.901098,2,28677
1778509501.922110,0,23251
1778509501.927300,1,48082
1778509501.942602,2,28696
1778509501.985254,2,28719
1778509502.004849,0,23264
1778509502.004967,0,23270
1778509502.005044,0,23319
1778509502.005101,0,23392
1778509502.005177,0,23417
1778509502.006193,0,23578
1778509502.014553,1,48106
1778509502.014711,1,48109
1778509502.014800,1,48138
1778509502.014890,1,48192
1778509502.014996,1,48246
1778509502.015939,1,48427
1778509502.026882,2,28744
1778509502.043145,1,48453
1778509502.044383,0,23598
1778509502.062357,2,28765
1778509502.084273,1,48476
1778509502.085896,0,23618
1778509502.102799,2,28792
1778509502.117788,0,23637
1778509502.125510,1,48498
1778509502.144902,2,28811
1778509502.162240,0,23653
1778509502.167133,1,48519
1778509502.176581,2,28832
1778509502.199086,1,48540
1778509502.204453,0,23671
1778509502.221002,2,28854
1778509502.244153,1,48560
1778509502.245641,0,23688
1778509502.262766,2,28879
1778509502.277738,0,23707
1778509502.285109,1,48580
1778509502.305173,2,28899
1778509502.322327,0,23719
1778509502.327091,1,48600
1778509502.336699,2,28923
1778509502.363453,1,48630
1778509502.364499,0,23738
1778509502.382009,2,28948
1778509502.406880,0,23756
1778509502.423126,2,28969
1778509502.437775,0,23773
1778509502.444871,1,48663
1778509502.465352,2,28991
1778509502.482343,0,23791
1778509502.487026,1,48681
1778509502.496819,2,29016
1778509502.518912,1,48706
1778509502.524500,0,23808
1778509502.542207,2,29039
1778509502.563573,1,48724
1778509502.566349,0,23824
1778509502.582792,2,29062
1778509502.597743,0,23843
1778509502.605157,1,48743
1778509502.643811,0,23862
1778509502.646366,1,48763
1778509502.674060,2,29080
1778509502.674198,2,29084
1778509502.674294,2,29189
1778509502.674369,2,29259
1778509502.675279,2,29449
1778509502.683925,0,23878
1778509502.687278,1,48784
1778509502.700878,2,29467
1778509502.718973,1,48803
1778509502.725585,0,23896
1778509502.742134,2,29491
1778509502.758017,0,23913
1778509502.763561,1,48823
1778509502.783304,2,29514
1778509502.802451,0,23932
1778509502.805263,1,48843
1778509502.824239,2,29539
1778509502.845095,0,23949
1778509502.847469,1,48861
1778509502.865155,2,29562
1778509502.879276,1,48883
1778509502.885272,0,23974
1778509502.896753,2,29586
1778509502.924367,1,48911
1778509502.926228,0,23993
1778509502.941547,2,29608
1778509502.965586,1,48927
1778509502.985250,2,29632
1778509503.007783,1,48948
1778509503.011961,0,24006
1778509503.012168,0,24008
1778509503.012199,0,24032
1778509503.012235,0,24048
1778509503.012296,0,24067
1778509503.012327,0,24101
1778509503.012359,0,24117
1778509503.012417,0,24135
1778509503.012444,0,24158
1778509503.013213,0,24314
1778509503.025022,2,29653
1778509503.039728,1,48972
1778509503.044057,0,24338
1778509503.057030,2,29677
1778509503.084854,0,24359
1778509503.085046,1,48997
1778509503.101089,2,29700
1778509503.125235,0,24379
1778509503.125553,1,49019
1778509503.142977,2,29721
1778509503.166448,0,24391
1778509503.167786,1,49041
1778509503.185178,2,29744
1778509503.198812,0,24409
1778509503.199440,1,49066
1778509503.216906,2,29765
1778509503.244479,0,24430
1778509503.244893,1,49090
1778509503.262295,2,29790
1778509503.285487,0,24451
1778509503.286298,1,49117
1778509503.303291,2,29811
1778509503.328290,1,49141
1778509503.345279,2,29835
1778509503.358876,0,24492
1778509503.359808,1,49167
1778509503.377264,2,29856
1778509503.422981,2,29882
1778509503.445185,0,24530
1778509503.446298,1,49227
1778509503.463486,2,29907
1778509503.505468,2,29928
1778509503.518576,0,24569
1778509503.519288,1,49276
1778509503.537210,2,29950
1778509503.564390,1,49296
1778509503.581928,2,29971
1778509503.605352,0,24605
1778509503.605742,1,49320
1778509503.623200,2,29995
1778509503.646802,0,24622
1778509503.647863,1,49344
1778509503.665455,2,30016
1778509503.679061,0,24639
1778509503.679399,1,49369
1778509503.697355,2,30042
1778509503.724060,1,49389
1778509503.765326,0,24677
1778509503.766020,1,49411
1778509503.783207,2,30087
1778509503.806334,0,24693
1778509503.807894,1,49434
1778509503.825389,2,30110
1778509503.838738,0,24710
1778509503.839639,1,49455
1778509503.857565,2,30134
1778509503.884950,1,49476
1778509503.925388,0,24754
1778509503.925926,1,49497
1778509503.943581,2,30178
1778509503.986385,2,30206
1778509504.013277,1,49516
1778509504.013460,1,49574
1778509504.014749,1,49843
1778509504.015133,0,24766
1778509504.015319,0,24769
1778509504.015385,0,24810
1778509504.015440,0,24836
1778509504.015487,0,24862
1778509504.015539,0,24880
1778509504.015570,0,24911
1778509504.015597,0,24927
1778509504.015623,0,24936
1778509504.016483,0,25112
1778509504.017298,2,30229
1778509504.040753,1,49869
1778509504.047588,0,25134
1778509504.061699,2,30248
1778509504.079374,0,25152
1778509504.085372,1,49890
1778509504.103560,2,30272
1778509504.124576,0,25172
1778509504.125916,1,49915
1778509504.145928,2,30291
1778509504.164918,0,25186
1778509504.167867,1,49937
1778509504.177460,2,30318
1778509504.199439,1,49959
1778509504.206355,0,25201
1778509504.218848,2,30343
1778509504.238190,0,25216
1778509504.245038,1,49981
1778509504.263311,2,30362
1778509504.282430,0,25237
1778509504.285762,1,50005
1778509504.305117,2,30387
1778509504.324718,0,25252
1778509504.327746,1,50029
1778509504.337125,2,30406
1778509504.359707,1,50047
1778509504.365361,0,25267
1778509504.378581,2,30434
1778509504.406634,0,25281
1778509504.423262,2,30456
1778509504.438767,0,25301
1778509504.464332,2,30478
1778509504.483141,0,25318
1778509504.505811,2,30498
1778509504.525293,0,25334
1778509504.537470,2,30522
1778509504.566800,0,25352
1778509504.583158,2,30544
1778509504.598778,0,25370
1778509504.643543,0,25388
1778509504.672800,2,30568
1778509504.672961,2,30589
1778509504.673076,2,30689
1778509504.674515,2,30935
1778509504.685325,0,25402
1778509504.707121,2,30958
1778509504.726763,0,25417
1778509504.737717,2,30983
1778509504.758753,0,25434
1778509504.783028,2,31003
1778509504.803254,0,25452
1778509504.823953,2,31025
1778509504.840282,1,50331
1778509504.845533,0,25467
1778509504.866144,2,31054
1778509504.886903,0,25488
1778509504.897539,2,31074
1778509504.919012,0,25507
1778509504.942056,2,31096
1778509504.984163,2,31115
1778509504.993884,0,25522
1778509504.994023,0,25524
1778509504.994106,0,25572
1778509504.994174,0,25607
1778509504.994253,0,25645
1778509505.013619,0,25776
1778509505.025902,2,31141
1778509505.044361,0,25802
1778509505.057645,2,31160
1778509505.084891,0,25817
1778509505.102110,2,31182
1778509505.125471,0,25834
1778509505.144211,2,31207
1778509505.167208,0,25852
1778509505.185865,2,31229
1778509505.199293,0,25873
1778509505.217705,2,31254
1778509505.244018,0,25892
1778509505.262241,2,31274
1778509505.285768,0,25910
1778509505.304329,2,31301
1778509505.327250,0,25930
1778509505.346343,2,31323
1778509505.359350,0,25949
1778509505.378123,2,31350
1778509505.403897,0,25969
1778509505.422153,2,31377
1778509505.445768,0,25990
1778509505.464012,2,31395
1778509505.487349,0,26009
1778509505.506428,2,31415
1778509505.519474,0,26033
1778509505.537826,2,31438
1778509505.563973,0,26052
1778509505.582537,2,31460
1778509505.605847,0,26072
1778509505.624114,2,31485
1778509505.646436,0,26093
1778509505.666517,2,31511
1778509505.687635,0,26109
1778509505.698394,2,31533
1778509505.719717,0,26132
1778509505.743039,2,31553
1778509505.765172,0,26150
1778509505.767826,1,50923
1778509505.784002,2,31575
1778509505.806921,0,26172
1778509505.808951,1,50948
1778509505.825860,2,31599
1778509505.839000,0,26189
1778509505.841387,1,50972
1778509505.858032,2,31622
1778509505.882599,0,26214
1778509505.886386,1,51002
1778509505.902097,2,31646
1778509505.924942,0,26235
1778509505.927832,1,51029
1778509505.944176,2,31670
1778509505.986292,2,31692
1778509505.997744,0,26252
1778509505.997838,0,26267
1778509505.997880,0,26354
1778509506.005762,0,26483
1778509506.009314,1,51053
1778509506.009405,1,51054
1778509506.009498,1,51056
1778509506.009576,1,51092
1778509506.009645,1,51132
1778509506.009691,1,51168
1778509506.009763,1,51184
1778509506.010765,1,51319
1778509506.018275,2,31716
1778509506.046355,0,26503
1778509506.049591,1,51345
1778509506.063413,2,31739
1778509506.081107,1,51371
1778509506.087573,0,26526
1778509506.104291,2,31762
1778509506.119584,0,26546
1778509506.126366,1,51400
1778509506.146639,2,31783
1778509506.164396,0,26565
1778509506.167792,1,51425
1778509506.178536,2,31810
1778509506.205757,0,26589
1778509506.209168,1,51454
1778509506.223679,2,31834
1778509506.240729,1,51478
1778509506.247707,0,26612
1778509506.264372,2,31854
1778509506.279624,0,26634
1778509506.286411,1,51504
1778509506.306569,2,31876
1778509506.324353,0,26653
1778509506.327615,1,51532
1778509506.338380,2,31898
1778509506.365703,0,26673
1778509506.369088,1,51558
1778509506.382541,2,31921
1778509506.400835,1,51584
1778509506.407772,0,26698
1778509506.424545,2,31949
1778509506.440043,0,26716
1778509506.446649,1,51608
1778509506.466886,2,31970
1778509506.485456,0,26734
1778509506.487767,1,51637
1778509506.498262,2,31996
1778509506.526104,0,26756
1778509506.529366,1,51666
1778509506.542433,2,32016
1778509506.560777,1,51692
1778509506.567860,0,26775
1778509506.584605,2,32038
1778509506.600227,0,26798
1778509506.606348,1,51718
1778509506.645849,0,26820
1778509506.647670,1,51742
1778509506.674223,2,32058
1778509506.674450,2,32061
1778509506.674556,2,32106
1778509506.674639,2,32168
1778509506.674701,2,32212
1778509506.674784,2,32236
1778509506.675699,2,32418
1778509506.686267,0,26840
1778509506.689441,1,51768
1778509506.703762,2,32443
1778509506.720995,1,51796
1778509506.727879,0,26863
1778509506.744563,2,32468
1778509506.760044,0,26880
1778509506.766473,1,51823
1778509506.785114,2,32493
1778509506.805593,0,26901
1778509506.807794,1,51850
1778509506.826736,2,32514
1778509506.846350,0,26921
1778509506.849995,1,51875
1778509506.858632,2,32538
1778509506.881803,1,51902
1778509506.887709,0,26944
1778509506.902903,2,32567
1778509506.920019,0,26964
1778509506.926641,1,51931
1778509506.944698,2,32587
1778509506.967818,1,51957
1778509506.986849,2,32608
1778509506.992923,0,26986
1778509506.993022,0,26988
1778509506.993072,0,27030
1778509506.993112,0,27064
1778509506.993147,0,27097
1778509507.009812,1,51982
1778509507.014366,0,27214
1778509507.018630,2,32632
1778509507.041576,1,52011
1778509507.044873,0,27237
1778509507.063154,2,32656
1778509507.085783,0,27258
1778509507.086568,1,52036
1778509507.104718,2,32676
1778509507.126951,0,27280
1778509507.127660,1,52064
1778509507.146913,2,32703
1778509507.167891,0,27302
1778509507.169613,1,52090
1778509507.178874,2,32721
1778509507.200395,0,27324
1778509507.201382,1,52119
1778509507.224222,2,32745
1778509507.244526,0,27347
1778509507.246779,1,52143
1778509507.264757,2,32770
1778509507.285982,0,27366
1778509507.287849,1,52169
1778509507.307292,2,32791
1778509507.328258,0,27387
1778509507.329879,1,52195
1778509507.338638,2,32817
1778509507.360189,0,27408
1778509507.361443,1,52222
1778509507.383911,2,32838
1778509507.404703,0,27429
1778509507.406763,1,52249
1778509507.446094,0,27450
1778509507.447879,1,52273
1778509507.466999,2,32880
1778509507.488013,0,27472
1778509507.489973,1,52301
1778509507.498641,2,32908
1778509507.520393,0,27497
1778509507.521650,1,52327
1778509507.543354,2,32924
1778509507.564973,0,27515
1778509507.566685,1,52355
1778509507.584822,2,32949
1778509507.606095,0,27536
1778509507.607874,1,52382
1778509507.627214,2,32971
1778509507.647990,0,27556
1778509507.649727,1,52409
1778509507.658632,2,32997
1778509507.681268,1,52435
1778509507.682965,0,27577
1778509507.703892,2,33017
1778509507.725600,0,27602
1778509507.726849,1,52454
1778509507.744692,2,33040
